0.05992871399939759
0.09296000699941942
0.17408037200038962
0.2344040159987344
0.31249558700073976
0.3910227490014222
0.39849570200021844
0.3936748149990308
0.4017596810008399
0.40343242100061616
0.40254850100063777
0.40094928400139906
0.40095166500032065
0.393232929000078
0.38989652099917294
0.38957037900036084
0.390943721999065
0.39073325699973793
0.3898085960008757
0.3910539129992685
0.39082594300089113
0.3896943279996776
0.3903299310004513
0.39065712400042685
0.3887027099990519
0.3889737299996341
0.38997281299998576
0.3893974120001076
0.38866781299839204
0.39013080400036415
0.3903582179991645
0.38804446200083476
0.3894530109992047
0.3898860049994255
0.3886389760009479
0.38920569499896374
0.3900645110006735
0.38842808899971715
0.3885230639989459
0.38877649899950484
0.3870528520001244
0.3870909509987541
0.38849625299917534
0.3875906310004211
0.3891775370011601
0.3886662820004858
0.3884586770000169
0.389373964000697
0.3901941829990392
0.3889216299994587
0.39066062399979273
0.3904809310006385
0.38701941699946474
0.38743498499934503
0.38739000799978385
0.385634549000315
0.38530444299976807
0.3859001380005793
0.38607942099952197
0.386463556000308
0.38706814299985126
0.38724966700101504
0.3886048419990402
0.3870454410007369
0.38664460399922973
