1.22593635499652
0.07860460999654606
0.08524398399458732
0.08506560500245541
0.0844069119921187
0.08531053000479005
0.08432296400133055
0.09642261700355448
0.08859695499995723
0.08998824999434873
0.08606070399400778
0.0854839749954408
0.08583971799816936
0.08396096900105476
0.08836683300614823
0.08749528600310441
0.08542545900854748
0.10485924300155602
0.08670259700738825
0.08710358598909806
0.10235794000618625
0.0867299100063974
0.0862277760024881
0.08498860699182842
0.08474191201094072
0.08428404299775138
0.08523337099177297
0.0864257909997832
0.08442410499264952
0.08426361599413212
0.08502607099944726
0.0841437219933141
0.08414408699900378
0.08560289400338661
0.08454386700759642
0.08461247400555294
0.08439879700017627
0.0839537179999752
0.08392258398816921
0.08603966800728813
0.0846779109997442
0.08342545300547499
0.0833011730137514
0.08421227200597059
0.08388736899360083
0.08369749700068496
0.08430814200255554
0.08335682799224742
0.08540299400920048
0.08340796899574343
