0.6223620420059888
0.5282773010039818
0.39448046200413955
0.38227777399879415
0.697220569003548
0.46108940499834716
0.7989487250015372
0.5392197359979036
0.3116622390007251
0.684486421996553
0.6268862560027628
0.525622471999668
0.3980703830020502
0.38516268599778414
0.7020622179989005
0.4659968849955476
0.8061228379956447
0.5842252459988231
0.3594434690021444
0.8198438539984636
0.8423923010050203
0.554577816001256
0.43152833599742735
0.384347446000902
0.7016063720002421
0.4626399359985953
0.7984972850026679
0.5405869599999278
0.31698774400138063
0.698637082001369
0.6336015429988038
0.5206602929974906
0.39661323000473203
0.37951471300038975
0.6975552080039051
0.4755760160041973
0.8016750980023062
0.5379071700008353
0.31236889199499274
0.6833120330047677
0.6248199199981173
0.5223910479980987
0.4009372969958349
0.38174270300078206
0.7019337940000696
0.46211561899690423
0.8009848709989456
0.5371601079968968
0.31242412599385716
0.6809307169969543
0.624913738000032
0.5246458410038031
0.39830959599930793
0.38105183000152465
0.7008925400004955
0.4616250410035718
0.799977486996795
0.5379992009984562
0.3130709949982702
0.6837994309971691
0.626676175998
0.5209885080039385
0.39489352999953553
0.3792596009952831
0.6987436349954805
0.45919223200326087
0.7960371680019307
0.5353029280013288
0.3108845629976713
0.6914510349961347
0.6213794200011762
0.5198454199999105
0.39609093100443715
0.3792186299979221
0.6974352230026852
0.45874216600350337
0.7971772789969691
0.5361077220004518
0.31049303900363157
0.6793527390036616
0.6220415269999648
0.5208495830011088
0.3956415590000688
0.38009174699982395
0.6986249780020444
0.46141850899584824
0.8039083359981305
0.5419839780006441
0.31775794900022447
0.6911086819964112
0.6797192340018228
0.551043112995103
0.3992477079955279
0.37737961600214476
0.6999570740008494
0.4589419019976049
0.8156329539997387
0.5476096109996433
0.31366821200208506
0.6802423249973799
0.6225362569966819
0.5229461260023527
0.39910285099904286
0.38279197300289525
0.702082463001716
0.4607353119936306
0.8005481820000568
0.535798236996925
0.3170852629991714
0.6866486269937013
0.7468097349992604
0.5325186500049313
0.4002805449999869
0.38566677699418506
0.7091581759959809
0.46430178500304464
0.8014805850034463
0.5512247090009623
0.3118865759970504
0.6945504289978999
0.6267802650036174
0.5235034220022499
0.4548954040001263
0.3924507839983562
0.7013540269981604
0.46470393200434046
0.7998994669978856
0.543437262000225
0.31367360400327016
0.6874162709937082
0.6236837389951688
0.5249825319988304
0.41048793400113937
0.40022716100065736
0.7123517530053505
0.48044088399910834
0.8039565740036778
0.5372655779938214
0.3113388659985503
0.6902754320035456
0.6510692739975639
0.5234408870019251
0.3984382079943316
0.38182023799890885
0.70181227500143
0.4629712669993751
0.8066102279990446
0.5370242819990381
0.3140044480023789
0.7561148399981903
0.6275845169948298
0.5211640750057995
0.42072833500424167
0.39196062499831896
0.703639044004376
0.4680156850008643
0.7968508179983473
0.5393173429984017
0.3110421900055371
0.6849661590022151
0.6301588810019894
0.5317224790051114
0.4014727550020325
0.38111197499529226
0.7646971869980916
0.46592602300370345
0.8076410779976868
0.5381432690046495
0.31270826399850193
0.6943329820060171
0.6268150310061174
0.529072746001475
0.45806308399914997
0.3876706240043859
0.7090967260010075
0.463680036002188
0.8014046030002646
0.5403284489948419
0.3156271179977921
0.6892827629999374
0.625311152994982
0.5231067499989877
0.39878995699837105
0.3832503399971756
0.7020430369957467
0.46271103899925947
0.8060945859979256
0.5799504690003232
0.36264629799552495
0.7343066410030588
0.6214453060019878
0.5265879689977737
0.39766563499870244
0.3827501849955297
0.7024095910019241
0.4664967770004296
1.6141458229976706
0.836708438997448
0.3128272870017099
0.7140171179999015
0.6269456899972283
0.523363446998701
0.40048141699662665
0.38075140800356166
0.7030509850010276
0.4635419210026157
0.7999184939981205
0.5343990729961661
0.31253471299714874
0.6937147389980964
0.6227315029973397
0.5208573799973237
0.39661754699773155
0.3797091550004552
0.6987929589959094
0.4677056660002563
0.8045375700021395
0.5398436749965185
0.312346141996386
0.6842607680009678
0.6260147869979846
0.524610020002001
0.3992591599962907
0.38149036999675445
0.7011355919967173
0.4617947400038247
0.8006997150005191
0.5500384240003768
0.3124045529984869
0.6907012749943533
0.6769805180010735
1.1292288859986002
0.8342510629954631
0.3806674980005482
0.7022164470035932
0.45993102800275665
0.8007378140027868
0.5384580009995261
0.31232676599756815
0.6827052240041667
0.6239735359995393
0.5407079590004287
0.39759621499979403
0.3849947440030519
0.7410839500007569
0.46075705099792685
0.8026636369977496
0.5367392420012038
0.3100016009993851
0.6778224770023371
0.6201733979978599
0.5207568730038474
0.39529860200127587
0.3806470330018783
0.700324534001993
0.46112335200450616
0.7994600079982774
0.5376794600015273
0.3150519619957777
1.390218296997773
0.9886300279977149
0.5234447640032158
0.3957815570029197
0.3853431650059065
0.698118637999869
0.5277424160012743
0.8057255489984527
0.5497467750028591
0.3150687219967949
0.6854766570031643
0.7236368989979383
0.5357627339981264
0.4003362430012203
0.3860838530017645
0.7007481129985536
0.4612086310007726
0.8087657959986245
0.5373223779970431
0.31153048499982106
0.6815542989934329
0.6236425819952274
0.5224825620025513
0.3968286179951974
0.3809225629956927
0.7118999539961806
0.46196199300175067
0.8003907410020474
0.5376985080001759
0.3129121070014662
0.6949775619941647
0.6378130840021186
0.5262886240016087
0.4001049639991834
0.3853928829994402
0.7205962959997123
0.4620016120024957
0.8071873609951581
0.5433476010002778
0.3131687700006296
0.6825638570007868
0.6244543089997023
1.1109112509948318
0.8554462679967401
0.42357725700276205
0.6968617050006287
0.4586576169967884
1.104686243001197
1.220654716998979
0.44129326000256697
0.6823698219959624
0.6186355149984593
0.5203195849971962
0.39489742000296246
0.37923776400566567
0.6995434929995099
0.46112614600133384
0.8187104640019243
0.5457332039950415
0.315455973999633
1.006155230999866
1.3468744470010279
0.5781345229988801
0.4142719119990943
0.3826888159965165
0.7044077690006816
0.9518006180005614
1.3946099009990576
0.5367830029936158
0.31198454200057313
0.6799953049994656
0.6196913640014827
0.5218254800056457
0.39637622199370526
0.38019674899987876
0.698431121003523
0.4582442320024711
0.7976194859948009
0.5378325630008476
0.3106904839951312
0.6815043640017393
0.6226644470007159
0.5219692929968005
0.3949804130024859
0.3807715770017239
0.7007313830035855
0.45883512000000337
0.7966872920005699
0.5341779709997354
0.31128762799926335
0.6787368310033344
0.6196990669996012
0.5203817069996148
0.39450253899849486
0.38000752899824874
0.6963248629981535
0.4592015070011257
0.7949680150049971
0.5347371909956564
0.3095609029987827
0.6791750010015676
0.6196396270024707
0.522780684994359
0.3957471030007582
0.3801833500037901
0.6978547480030102
0.4588851180014899
0.7962052590009989
0.5353642979971482
0.3104814210018958
0.6797766829986358
0.6209142630032147
0.5204790959978709
0.39482760799728567
0.3800144619963248
0.696578112001589
0.6166661530005513
1.6998821320012212
0.5615216619989951
0.3109958069981076
0.6789499590013293
0.6191468640026869
0.5209215380018577
0.3944689760028268
0.3803347270004451
0.6979994289940805
0.46064550000301097
0.7969554249939392
0.5362192840038915
0.3105869739956688
0.6796318149936269
0.6205835000000661
0.5169772620065487
0.7863900770025793
0.8060603039994021
0.9627952090013423
0.4592650299964589
0.7974312549995375
0.5358506089978619
0.3113906499929726
0.6788168130005943
0.622155657998519
0.5198699700049474
0.39584707399626495
0.3842541620033444
0.6963359010042041
0.45931777999794576
0.7974132229937823
0.5353479570039781
0.3110312770004384
0.6783898669964401
0.6196896269975696
0.5195088890031911
0.3960309009999037
0.3782883569947444
0.6973357899987604
0.45861776499805273
0.7965559750009561
0.5353472849965328
0.3104354660026729
0.6830560140006128
1.17269877599756
1.0648513630003436
0.39775762900535483
0.3799349249966326
0.6966125489998376
0.45875928700115765
0.7951219890019274
0.535191635004594
0.31077081699913833
0.6847908600029768
0.6231487080003717
0.5202544339990709
0.3951342680011294
0.3812849059977452
0.6965882650038111
0.4606656079995446
0.9772695360006765
1.184425965999253
0.6156720169965411
0.6795509719959227
0.6198213209936512
0.5194509450011537
0.39656685200316133
0.3809180460011703
0.6993792799985385
0.4597254590044031
0.7968895219964907
0.5359414529957576
0.3112333300014143
0.6805383379978593
0.6190334279963281
0.5208897370030172
0.3961046270051156
0.3793687989964383
0.6995356890038238
0.46048198099742876
0.7981274499979918
0.5355539539959864
0.3108493809995707
0.6801531079981942
0.6192604759999085
0.5198438939987682
0.40108946800319245
0.37971099699643673
0.6982077409993508
0.4590027679951163
0.7976071070006583
0.5355519770018873
0.3106568219955079
0.6785468829984893
0.6226173180039041
0.5192613050021464
0.3972162019999814
0.3792710579946288
0.697816131003492
0.4600844070009771
0.7962190759935766
0.5346082550022402
0.31165992699970957
0.6790307749979547
0.6203937430036603
0.5200532090020715
0.39473248499416513
0.37871014399570413
0.6978171770024346
0.4598162019974552
0.7966811559963389
0.5350533700038795
0.3109363219991792
0.6783035629996448
0.6197131909939344
0.5198849649968906
0.39507702099945163
0.37880983300419757
0.6978743870058679
0.45985803099756595
0.7964519379966077
0.5352811289994861
0.31003822299680905
0.6799651080000331
