0.9039464899979066
0.7690824180026539
0.5897126979980385
0.5523995309995371
1.0535177950005163
0.7056959610054037
1.1642624649975915
0.7922183689952362
0.480024060998403
1.0622860109942849
0.9448245349994977
0.7669037609957741
0.5881495619978523
0.5606234419974498
1.0550584960001288
0.6784341410020716
1.1655445050055278
0.7917411230009748
0.48619525299727684
1.0214116719944286
0.911725063000631
0.7728852400032338
0.5978522500008694
0.5588865809986601
1.0868770720044267
0.6939731020029285
1.1826218009955483
0.7940339510023477
0.4768135420017643
1.019209916004911
0.9111827259985148
0.7701611160009634
0.5918373280001106
0.5571634039952187
1.0627530080018914
0.6818517720021191
1.1853095499973278
0.7927133650009637
0.4791522769955918
1.0087768660014262
0.9040989269997226
0.8082776169976569
0.6044548380014021
0.5622918759981985
1.0631518859954667
0.7071746469955542
1.174567752997973
0.7783626460004598
0.4806763200031128
1.0083176359985373
0.9042923119995976
0.7722543769996264
0.5937958880022052
0.5597060319996672
1.0679862559991307
0.6925005609955406
1.195651401001669
0.8015447360012331
0.5336951069984934
1.0081742360052885
0.9179951760015683
0.8095491170024616
0.6607003979952424
0.5739997310010949
1.1495155279990286
0.7073449309973512
1.2565944970046985
0.9847006670024712
0.5067118549995939
1.2133925579983043
0.9285876759968232
0.7869693259999622
0.6540881789987907
0.626896702000522
1.0840332020015921
0.6874114559977897
1.202211746996909
0.839297799000633
0.5303312690011808
1.1255777909973403
1.0515218790023937
0.8030324920036946
0.7009008039967739
0.5803462820040295
1.1176945070037618
0.6896049330025562
1.194900279995636
0.7949318739993032
0.48074595000070985
1.0110745929996483
0.9328840779999155
0.7752369930021814
0.5881753159992513
0.555878595005197
1.0598384740005713
0.6849937129954924
1.1782848680013558
0.7957054919970687
0.4805328630027361
1.0298041079950053
0.9092169029972865
0.7742035479968763
0.5926250560005428
0.5795986540033482
1.0712543670015293
0.688892374993884
1.2141621170012513
0.8180241999943973
0.49313786000129767
1.056367199998931
0.9447551970006316
0.8936532270017779
0.6642191410064697
0.7431704839982558
1.0777276000007987
0.7674883490035427
1.2035650059988257
0.7980003080010647
0.48027258799993433
1.0225410369966994
0.92986947800091
0.812967812998977
0.5886144090036396
0.5598405269993236
1.1828694069990888
0.7038087250039098
2.4886720389986294
0.8824502950010356
0.4837449219994596
1.0812996379972901
0.9040983079976286
0.8641667159972712
0.6676072009940981
0.5582923339970876
1.0637942460016347
0.6799559729988687
1.1649268190012663
0.7981757439993089
0.4865848699992057
1.013644552003825
0.9081808680057293
0.7714364990024478
0.6176813790007145
0.5919993909992627
1.0810263769963058
0.6867759250017116
1.184799403999932
0.8048490599976503
0.48641638200206216
1.0282727649973822
0.9266098010048154
0.7768314539935091
0.6169124899970484
0.5651385289966129
1.2306511189963203
0.7802839299984043
1.244209418000537
0.82509105400095
0.9206728770004702
1.7413392410016968
0.9166078060006839
0.7797637850017054
0.6068791569996392
0.5697309370007133
1.0805901279964019
0.743764235994604
1.19300622499577
0.7958988539976417
0.4807066819994361
1.0178295039950171
0.9347255219981889
0.7950243540035444
0.6030137299967464
0.5590643779942184
1.0779398320009932
0.6850999039961607
1.1801329950030777
0.7816064219950931
0.4791441740017035
1.0059894879959757
0.9162527570006205
0.7725796730010188
0.5927766590029933
0.5617942309982027
1.0614137430020492
0.6847192299974267
1.1870544179982971
0.7808865990009508
0.4984231929993257
1.0138839579958585
0.9071735589968739
0.7674107650018414
0.5983447670005262
0.557042710002861
1.0612413359995116
0.6841849959964748
1.1727185440031462
0.7818247749964939
0.478584887998295
1.0149157569976524
0.9099782730045263
0.7663114079987281
0.5915985300016473
0.55675257799885
1.0609393359991373
0.6920639029995073
1.2268222350030555
0.790374101998168
0.48230658599641174
1.0194276500042179
0.9173023170005763
0.7797107410005992
0.5936897240026155
0.566801162000047
1.0681863619975047
0.6859666710006422
1.1896996819996275
0.8078401579987258
0.4883996290009236
1.0223301970036118
0.9264303059972008
0.7954849540037685
0.6563787880004384
0.6141767490044003
1.0887847319972934
0.6979428949998692
1.2187983290059492
0.8094332300024689
0.48293402399576735
1.0581438110020827
0.9136926580031286
0.7659988520026673
0.6047474490042077
0.569131499993091
1.0655571850002161
0.6950240490041324
1.1894782230010605
0.8243651839948143
0.48015080200275406
1.005107542994665
0.908701235006447
0.7798257169997669
0.6088385399998515
0.5647790639995947
1.0942778979951981
0.6860964139996213
1.180333062002319
0.7847371340030804
0.48490703199786367
1.012938503001351
0.920155726998928
0.773933771000884
0.601367843002663
0.5677003020027769
1.0710615389980376
0.6923230700049317
1.178084924002178
0.787151388998609
0.4873783459988772
1.1134817290003411
1.1136681719945045
0.80353632200422
0.6453571980018751
0.587490053003421
1.133446913001535
0.7700222119965474
1.201504588003445
0.8149257629993372
0.5461183739971602
1.0366248419959447
0.9454995280029834
0.8011212549972697
0.6294721649974235
0.6280242130014813
1.166684185001941
0.9123023729989654
2.115473326004576
0.7831217690036283
0.48132945300312713
1.765104076002899
1.258761657998548
0.7648629429968423
0.5914659539994318
1.1676109340041876
1.543182749999687
0.6808281489938963
1.1751700509994407
0.7790050580006209
0.47645677300170064
1.010329194003134
0.9059423889993923
1.1858944870036794
1.266387310999562
0.5550008910067845
1.069344944000477
0.6801895759999752
1.1696063550043618
0.7788953029958066
0.478796761999547
1.0056114079998224
0.9589984100020956
0.7652249579987256
0.591507475997787
0.5549493409998831
1.0549950909990002
0.6784837380037061
1.1822334850003244
0.7757670580031117
0.4756626320013311
0.997188843000913
0.9062544110056479
0.7641076759973657
0.5920680049966904
0.5685375559987733
1.0644369189976715
0.6787590399981127
1.1724032729980536
0.7815396299993154
0.48082946999784326
1.0180251029960345
0.9015978289971827
0.7596778349980013
0.5871956389964907
0.5523072249998222
1.0527816530011478
0.6844075580011122
1.1849274199994397
0.7830041660054121
0.48022572899935767
1.0081193799996981
0.9111699459972442
0.7644349219990545
0.5919661950028967
0.5554937880006037
1.0911230159981642
0.6805367049964843
1.168057470000349
0.7808538570025121
0.48542960600025253
1.0045211949982331
0.9010374260033132
0.7628949479985749
0.586441546001879
0.5537371539976448
1.060489723997307
0.6824827199961874
1.1721088490012335
0.7788723580015358
0.47481797200453
1.004557427004329
0.9048723829982919
0.7592213710013311
0.5861775540033705
0.5521904839988565
1.0582792880013585
0.6773752049994073
1.1637944570029504
0.7832788770028856
0.4751155670019216
1.00332016399625
0.9046485660001053
0.7615845510008512
0.5915712529968005
0.5557625289948191
1.0731314969962114
0.7841833679995034
1.3803223059949232
0.9014147319976473
1.0949404709972441
1.7789029169944115
1.0274432260048343
0.8950985749979736
1.1410406760041951
0.7441861779952887
1.204182886001945
0.7153097720001824
1.4375148079998326
0.81616168400069
0.49503973399987444
1.128653560001112
1.0024407599994447
0.7912705399940023
0.6476952130033169
0.570846757000254
1.0992874760049745
0.6865598519943887
1.1827264229941647
0.8177536450020852
0.47819725200679386
1.0225255290060886
0.9095138240008964
0.8765936309937388
1.3635905419941992
0.9033943459944567
1.0806764689987176
0.896052914999018
2.1388586390021374
0.815376460996049
0.48651919700205326
2.0223856449956656
1.0541009799999301
0.7629812459999812
0.5878655729975435
0.5575067419995321
1.0612280240020482
0.6791537800017977
1.2039618249982595
0.8055231690013898
0.47735349499998847
1.0433580270037055
0.916232477997255
0.7919795469933888
0.8374688659969252
1.2250129999956698
1.3256107030028943
0.6858173560030991
1.199566978000803
0.7830190609965939
0.48673312600294594
1.0389945650022128
0.9363336530004744
0.7870501619981951
0.5895114000013564
0.5552115850005066
1.0529024089992163
0.6840999579944764
1.1726400990010006
0.7737484310055152
0.47531187199638225
0.9975646940001752
0.8980684320049477
0.8554767399982666
0.588037738998537
0.567440541999531
2.118539219998638
0.7402620459979516
1.1654964260014822
0.7946437749997131
0.5111634589993628
1.0072429300053045
0.9191910009976709
0.7651171069956035
0.6009149230012554
0.5589638559977175
1.0521553700018558
0.7113101619979716
1.1768359589987085
0.7806973359984113
0.47573268999985885
1.0094199009981821
0.9614390230053687
0.7765860610015807
0.5889171000017086
0.554256767994957
1.055352925999614
0.6833071959990775
1.1651277440032572
0.8094930910010589
0.48192527599894674
1.0181594580062665
0.9157107010032632
0.783725217996107
0.605156060999434
0.5751842239988036
1.3383699550031452
0.7191621669990127
1.2338643049952225
1.707056293002097
0.6331395050001447
1.078427496002405
1.0530274929988082
0.8147220110040507
0.5974845469972934
0.5670834839984309
1.208716724999249
1.160028776001127
1.989420379002695
1.0148460429991246
0.9433134279970545
1.9725162329996238
1.1520885610007099
1.3940079320018413
1.1107295170004363
0.5647288160034805
1.1275533469961374
1.3437077600028715
1.7572701489989413
0.8234204990003491
0.4778623919992242
1.0138257719954709
0.9626233080052771
0.8304716909988201
0.6305562779962202
0.5993988949994673
1.1093107380002039
0.6885075020036311
1.506114100004197
0.979942182006198
0.510831578001671
1.0525932909949915
